85 86
18 63
17 21
74 28
91 0
0 12
54 56
1 49
73 80
36 18
69 6
16 35
14 71
55 30
81 66
52 46
61 66
87 23
51 79
79 14
26 94
51 32
33 80
12 52
70 7
13 49
36 91
15 81
11 50
16 70
68 45
63 21
96 30
9 3
17 99
93 40
24 43
76 44
48 58
17 88
89 18
62 82
64 26
76 77
99 27
72 45
18 68
98 36
39 14
13 59
99 8
51 58
3 76
34 79
68 51
22 51
85 57
35 84
13 49
29 12
9 12
80 53
41 27
41 30
41 32
40 6
64 93
69 44
23 19
23 55
58 43
1 45
81 43
45 36
0 94
6 74
27 9
36 39
21 69
1 29
35 15
8 42
38 52
71 77
84 61
5 94
91 42
85 58
46 72
66 30
4 47
8 25
16 84
53 45
26 37
4 6
0 14
66 12
41 38
0 37
84 25
67 57
15 75
48 53
35 61
60 66
43 40
76 69
66 59
49 29
87 92
6 53
18 88
26 24
14 59
85 78
35 98
25 52
57 2
16 25
44 93
85 76
97 87
99 61
42 63
8 0
53 29
69 66
91 23
83 96
26 5
55 68
72 14
16 32
58 82
75 32
61 2
41 12
25 58
74 40
40 67
48 34
0 46
69 18
66 43
0 4
24 44
58 7
40 97
31 75
7 98
0 58
70 20
79 93
34 95
14 5
39 26
72 14
84 91
35 94
98 2
47 87
95 23
72 5
32 35
33 3
61 92
12 85
78 83
30 43
48 64
91 96
10 87
79 15
9 47
49 66
53 60
35 48
6 48
83 7
62 38
82 16
53 75
58 95
38 32
96 88
36 87
26 39
55 46
45 57
23 16
76 47
47 29
77 63
22 53
44 61
29 84
59 26
73 83
67 69
57 12
51 15
55 93
92 29
87 62
78 89
36 62
91 7
70 84
89 69
82 93
29 33
12 63
98 89
58 85
49 65
33 68
13 52
82 40
2 57
47 69
31 32
39 35
71 75
44 62
55 61
46 26
41 84
25 58
96 40
5 36
56 45
98 90
30 69
79 80
1 84
17 78
13 84
59 56
18 85
98 3
81 25
62 44
3 23
63 87
75 99
96 20
63 31
53 94
26 93
78 32
10 27
12 95
3 23
60 23
27 74
99 58
3 60
35 61
1 58
9 50
23 76
60 5
52 86
31 13
97 78
6 9
56 7
82 70
93 60
86 95
53 72
85 85
99 8
18 72
23 0
28 27
85 98
36 40
53 37
15 67
29 2
61 73
43 37
49 96
91 89
13 35
21 96
57 50
23 20
72 75
55 98
96 52
93 40
77 84
51 98
1 92
66 80
70 62
10 61
2 19
55 1
98 68
18 76
48 7
82 41
39 20
24 37
77 87
71 17
68 6
99 75
7 21
35 17
30 77
97 46
47 85
53 52
80 97
4 71
13 28
0 39
28 4
44 24
94 58
64 67
42 14
35 15
32 2
79 70
68 15
0 28
80 68
65 53
76 12
40 22
13 89
46 92
17 41
99 42
9 63
77 64
31 4
58 64
86 16
31 37
18 55
23 83
36 50
63 40
14 12
54 55
48 27
21 52
94 17
80 20
36 55
59 9
25 68
84 17
7 11
18 67
50 25
27 93
86 38
2 90
46 0
80 56
60 94
11 1
73 54
10 43
4 62
30 21
91 29
92 66
33 50
27 63
8 35
73 54
45 94
47 75
84 43
89 79
80 44
51 52
95 5
67 13
34 51
80 49
15 77
27 24
87 0
35 54
9 96
42 60
36 6
1 89
68 72
16 90
42 0
6 19
32 89
40 25
75 19
96 72
96 42
95 24
30 36
84 30
43 39
97 26
16 31
3 50
40 36
89 71
91 34
75 95
72 23
94 67
39 47
42 91
67 88
24 37
19 97
89 60
86 62
93 38
89 54
43 48
20 29
16 32
27 11
86 91
59 51
51 81
24 50
90 93
82 91
88 14
26 1
16 77
16 13
19 61
10 5
86 62
94 30
93 54
46 73
25 79
12 57
59 76
69 36
27 50
16 51
4 68
45 43
8 72
34 13
70 27
90 44
26 9
63 84
58 19
50 61
70 83
59 15
51 30
80 80
83 31
99 48
91 39
12 96
62 99
27 46
42 32
41 17
53 68
39 57
18 11
46 89
4 89
71 5
37 8
39 3
51 72
12 90
86 95
46 24
22 48
33 25
94 64
84 26
83 48
59 23
12 54
95 6
63 69
77 66
69 53
